//time  1 2 3 4 5 6 7 8
0       0 0 0 0 0 0 0 0
1E-6    0 0 0 0 0 0 0 1
2E-6    0 0 0 0 0 0 1 1
3E-6    0 0 0 0 0 1 1 1
4E-6    0 0 0 0 1 1 1 1
5E-6    0 0 0 1 1 1 1 1
6E-6    0 0 1 1 1 1 1 1
7E-6    0 1 1 1 1 1 1 1
8E-6    1 1 1 1 1 1 1 1
9E-6    0 1 1 1 1 1 1 1
1E-5    0 0 1 1 1 1 1 1
1.1E-5  0 0 0 1 1 1 1 1
1.2E-5  1 0 0 0 1 1 1 1
1.3E-5  1 1 0 0 0 1 1 1
1.4E-5  0 1 1 0 0 0 1 1
1.5E-5  0 0 1 1 0 0 0 1
1.6E-5  0 0 0 1 1 0 0 0
1.7E-5  1 0 0 0 1 1 0 0
1.8E-5  1 1 0 0 0 1 1 0
1.9E-5  0 1 1 0 0 0 1 1
2E-5    0 0 1 1 0 0 0 1
2.1E-5  0 0 0 1 1 0 0 0
2.2E-5  1 0 0 0 1 1 0 0
2.3E-5  1 1 0 0 0 1 1 0
2.4E-5  0 1 1 0 0 0 1 1
2.5E-5  0 0 1 1 0 0 0 1
2.6E-5  0 0 0 1 1 0 0 0
2.7E-5  1 0 0 0 1 1 0 0
2.8E-5  1 1 0 0 0 1 1 0
2.9E-5  0 1 1 0 0 0 1 1
3E-5    0 0 1 1 0 0 0 1
3.1E-5  0 0 0 1 1 0 0 0